inst000000000099
inst000000000100
inst000000000028
